46
1796
1200
277
0
1227
1511
2125
105
119
1028
1097
216
246
422
750
2015
773
749
46
1068
66
2007
1044
1591
70
669
1121
1097
1629
2081
1956
817
423
389
1377
1044
116
464
1339
954
699
91
277
2081
1967
1209
1770
1216
1200
893
886
1505
817
1339
197
669
246
840
91
486
414
215
486
1553
78
774
265
218
774
2019
840
1766
669
699
1838
2146
1209
1796
1914
1761
601
893
1172
787
1473
535
1871
1209
423
144
146
2119
272
350
749
423
1796
1761
996
240
569
998
240
1097
998
45
464
1872
168
1246
1705
1770
750
1912
1260
2072
691
1629
1005
1115
81
870
950
160
19
1187
1838
858
265
1737
129
1832
1872
1991
1216
830
442
1768
1084
408
1244
749
1956
1044
1028
70
750
1435
1
1785
601
550
939
105
594
1768
277
691
10
1157
224
327
1260
952
340
1
870
840
899
1115
1435
1044
116
440
1479
1768
858
1692
2146
249
440
1942
1696
601
1768
192
268
1200
1352
107
616
265
1339
132
991
2007
145
2160
1339
1156
288
36
336
144
616
327
216
793
1925
417
1352
323
1394
1403
1197
246
470
81
954
1459
1509
1172
598
1713
793
116
1435
2139
1003
950
1190
340
899
2034
216
422
1942
1187
616
1003
422
615
1550
893
1057
47
426
1678
1216
601
1942
2149
160
36
1243
1407
1769
2034
773
1197
1509
1912
1233
2072
1519
2073
238
958
1872
249
1014
2149
1473
1766
1210
160
830
10
336
1121
1407
1339
87
1761
691
2133
197
1157
1200
2160
2139
119
692
1216
423
1459
2149
2007
1591
787
394
1769
272
350
1248
1822
1354
1243
958
1553
954
1014
858
216
1056
523
1876
87
2081
423
1785
870
2034
1246
708
1587
447
1172
774
2072
569
2146
1003
1491
146
1263
1068
91
1157
1769
144
105
1418
793
541
2019
840
1737
1705
470
1193
1591
373
541
200
2081
1509
1696
1190
1974
216
249
1244
711
1775
464
1796
1832
2081
1003
2034
893
708
1260
1250
1393
323
787
1705
1115
1195
598
1227
198
893
129
1216
858
1110
950
1340
1097
1193
1585
160
793
224
1269
1403
440
518
858
870
107
1244
1705
442
129
2014
817
305
1096
19
116
1394
1838
129
1872
447
2146
1269
1248
1710
1692
1479
221
939
389
288
1262
1014
47
1263
288
1157
1227
486
1195
1314
464
240
1710
1450
550
1373
1450
840
1968
1942
1092
1354
899
535
2133
1705
1367
1411
1092
19
1244
550
146
321
47
817
749
145
1092
2072
1838
615
1587
1243
1732
1269
1014
2014
669
119
1991
218
2034
1209
1956
0
1456
1263
1768
692
66
10
240
1014
321
2073
1871
893
511
1785
394
1421
1743
1743
215
1263
1505
1925
773
1260
1511
1511
952
45
414
426
277
1505
1260
246
523
1912
1003
1585
594
1768
47
440
1263
116
1263
1263
1914
1157
470
2034
1956
240
36
1028
1097
1552
2072
1491
272
1314
2150
658
408
1121
1834
246
1197
523
1421
952
691
1710
200
1822
417
1157
240
321
1421
793
1276
2146
615
41
2072
518
417
1200
508
1838
958
1339
1248
1216
197
1096
523
1991
1942
1872
1057
787
1263
215
224
991
569
268
145
249
1200
1991
1705
1263
1
